A   100   652   1587   72   32   3
A   765   35   1816   10   55   2
A   452   721   1620   76   87   1
A   1432   870   1296   82   41   0
A   899   1035   1357   33   75   5
A   643   308   1059   8   33   4
A   1265   1018   1161   67   53   1
A   512   503   1443   90   93   3
A   1687   390   1889   61   42   2
A   1199   805   1599   50   71   0
A   310   325   1325   24   52   4
A   1276   28   1202   76   2   5
A   902   1080   1456   56   92   3
A   1290   692   1034   77   45   1
A   753   920   1740   12   10   0
A   431   407   1040   90   100   2
A   1560   891   1342   18   52   3
A   674   50   1379   73   81   4
A   334   458   1304   87   43   1
A   1110   611   987   68   68   0
A   1483   1080   1583   53   72   5
A   739   286   1291   32   77   2
A   1155   1080   1672   44   53   3
A   563   1080   1522   60   23   4
A   1511   38   1241   37   42   1
A   867   1080   1375   91   77   0
A   422   1080   1420   75   76   4
A   1307   284   1022   23   97   5
A   978   736   1298   15   79   3
A   144   1080   1215   70   95   2
A   589   457   1361   85   68   1
A   1076   431   1149   16   74   0
A   876   1080   1135   31   64   4
A   1364   662   1306   50   57   3
A   1023   1080   1422   54   47   2
A   298   302   1491   64   15   5
A   1323   54   1712   40   61   1
A   726   1080   1388   69   12   0
A   1551   1080   1912   84   50   4
A   434   1080   1902   38   88   2
A   1192   785   1167   81   95   1
A   899   239   1695   49   30   3
A   1460   1080   1025   25   80   5
A   583   635   1476   80   70   2
A   1236   765   1055   19   54   4
A   773   862   1772   95   26   1
A   412   643   1452   57   36   0
A   1368   594   1052   7   11   3
A   980   485   1823   66   39   5
A   1794   199   1591   73   66   2
A   534   189   1347   34   84   1
A   1157   1080   1238   89   85   0
A   1364   1080   1664   58   46   4
A   320   1080   1198   45   73   3
A   1534   1080   1383   26   91   2
A   882   1080   1055   61   8   1
A   1267   1080   1344   12   65   0
A   441   1080   1729   11   40   5
A   1465   1080   1405   28   14   4
A   734   1080   1920   41   68   2
A   1143   1080   1103   71   95   1
A   615   1080   1571   83   42   1
A   1328   1080   1624   55   78   0
A   328   1080   1193   47   32   4
A   1292   1080   1578   18   22   2
A   785   1080   1767   37   18   1
A   1537   1080   1203   52   99   5
A   1126   1080   1445   29   92   3
A   474   1080   1340   64   26   1
A   1386   1080   1847   48   65   0
A   1049   1080   1915   9   16   4
A   609   1080   1021   85   52   2
A   1404   1080   1737   93   71   3
A   879   1080   1492   65   96   5
A   152   1080   1114   53   75   1
A   1191   1080   1538   76   58   0
A   582   1080   1597   14   63   4
A   1333   1080   1284   6   41   2
A   946   1080   1716   59   85   3
A   444   1080   1130   94   95   0
T   900   800    4
T   600   100    4
